Skipping because of load error: /data/tmp/indus/yfin/data/stocks/history/1d/AMCR.npz
Skipping because of load error: /data/tmp/indus/yfin/data/stocks/history/1d/CDAY.npz
Skipping because of load error: /data/tmp/indus/yfin/data/stocks/history/1d/NXPI.npz
Skipping because of load error: /data/tmp/indus/yfin/data/stocks/history/1d/SEDG.npz
Skipping inconsistent series: CTLT
Skipping inconsistent series: DFS
Skipping inconsistent series: FLT
Skipping inconsistent series: MRO
Skipping inconsistent series: PEAK
Skipping inconsistent series: PXD
Skipping inconsistent series: WRK
data:	[2016-07-05, 2025-06-27]	symbols=462	nsample=2258	nsample/day=1	nday=np.int64(3279)	nbday=np.int64(2343)
train:	[2023-01-03, 2025-06-27]	symbols=462	nsample=623	nsample/day=1	nday=np.int64(906)	nbday=np.int64(648)
Using AVGO as reference

=== Highly correlated stocks to AVGO (>0.7) ===
CRL: 0.843
EQT: 0.930
ETN: 0.887
FSLR: 0.732
KLAC: 0.711
MAR: 0.825
REGN: 0.733
UHS: 0.892

=== Negatively correlated stocks to AVGO (<-0.7) ===

=== Middle correlated stocks (-0.7 to 0.7) ===
A: 0.176
AAL: 0.408
AAPL: 0.289
ABBV: 0.338
ABT: 0.249
ACGL: 0.345
ACN: 0.266
ADBE: 0.327
ADI: 0.200
ADM: 0.364
ADP: 0.249
ADSK: 0.436
AEE: 0.362
AEP: 0.496
AES: 0.487
AFL: 0.419
AIG: 0.407
AIZ: 0.360
AJG: 0.364
AKAM: 0.330
ALB: 0.229
ALGN: 0.360
ALK: 0.274
ALL: 0.349
ALLE: 0.371
AMAT: 0.456
AMD: 0.192
AME: 0.154
AMGN: 0.318
AMP: 0.299
AMT: 0.405
AMZN: 0.473
ANET: 0.270
ANSS: 0.129
AON: 0.314
AOS: 0.330
APA: 0.365
APD: 0.251
APH: 0.395
APTV: 0.305
ARE: 0.398
ATO: 0.676
AVB: 0.556
AVY: 0.176
AWK: 0.478
AXON: 0.439
AXP: 0.215
AZO: 0.441
BA: 0.213
BAC: 0.296
BALL: 0.480
BAX: 0.396
BBWI: 0.346
BBY: 0.308
BDX: 0.361
BEN: 0.331
BG: 0.472
BIO: 0.214
BK: 0.325
BKNG: 0.413
BLK: 0.258
BMY: 0.540
BR: 0.299
BRO: 0.494
BSX: 0.383
BWA: 0.332
BX: 0.320
BXP: 0.512
C: 0.656
CAG: 0.409
CAH: 0.273
CAT: 0.209
CB: 0.332
CBRE: 0.273
CCL: 0.576
CDNS: 0.343
CDW: 0.202
CE: 0.327
CF: 0.304
CFG: 0.140
CHRW: 0.451
CHTR: 0.383
CI: 0.312
CINF: 0.171
CL: 0.405
CLX: 0.303
CMA: 0.219
CMCSA: 0.355
CME: 0.285
CMG: 0.225
CMI: 0.028
CMS: 0.442
CNP: 0.506
COF: 0.495
COO: 0.391
COP: 0.392
COR: 0.219
COST: 0.123
CPB: 0.351
CPRT: 0.263
CPT: 0.304
CRM: 0.359
CSCO: 0.237
CSGP: 0.341
CSX: 0.426
CTAS: 0.393
CTRA: 0.458
CTSH: 0.291
CVS: 0.405
CVX: 0.196
CZR: 0.266
D: 0.433
DAL: 0.496
DD: 0.352
DE: 0.455
DG: 0.344
DGX: 0.061
DHI: 0.321
DHR: 0.358
DIS: 0.419
DLR: 0.363
DLTR: 0.479
DOV: 0.152
DPZ: 0.505
DRI: 0.204
DTE: 0.324
DUK: 0.548
DVA: 0.471
DVN: 0.183
DXCM: 0.282
EA: 0.100
EBAY: 0.228
ECL: 0.383
ED: 0.497
EFX: 0.419
EG: 0.498
EIX: 0.215
EL: 0.421
ELV: 0.332
EMN: 0.213
EMR: 0.447
ENPH: 0.376
EOG: 0.246
EPAM: 0.252
EQIX: 0.267
EQR: 0.526
ES: 0.289
ESS: 0.494
ETR: 0.257
ETSY: 0.452
EVRG: 0.265
EW: 0.552
EXC: 0.272
EXPD: 0.423
EXPE: 0.409
EXR: 0.301
F: 0.610
FANG: 0.436
FAST: 0.234
FCX: 0.356
FDS: 0.333
FDX: 0.410
FE: 0.347
FFIV: 0.449
FI: 0.265
FICO: 0.339
FIS: 0.281
FITB: 0.380
FMC: 0.471
FRT: 0.280
FTNT: 0.136
FTV: 0.207
GD: 0.426
GE: 0.350
GILD: 0.335
GIS: 0.263
GL: 0.257
GLW: 0.157
GM: 0.360
GNRC: 0.400
GOOG: 0.336
GOOGL: 0.179
GPC: 0.172
GPN: 0.319
GRMN: 0.387
GS: 0.344
GWW: 0.445
HAL: 0.374
HAS: 0.261
HBAN: 0.372
HCA: 0.450
HD: 0.308
HES: 0.496
HIG: 0.239
HII: 0.381
HLT: 0.275
HOLX: 0.349
HON: 0.276
HPE: 0.485
HPQ: 0.275
HRL: 0.299
HSIC: 0.269
HST: 0.304
HSY: 0.489
HUM: 0.234
IBM: 0.138
ICE: 0.325
IDXX: 0.496
IEX: 0.351
IFF: 0.376
ILMN: 0.370
INCY: 0.339
INTC: 0.239
INTU: 0.221
IP: 0.337
IPG: 0.291
IQV: 0.338
IRM: 0.437
ISRG: 0.563
IT: 0.327
ITW: 0.388
IVZ: 0.497
J: 0.523
JBHT: 0.407
JCI: 0.375
JKHY: 0.405
JNJ: 0.339
JNPR: 0.298
JPM: 0.146
K: 0.373
KDP: 0.185
KEY: 0.281
KEYS: 0.364
KHC: 0.321
KIM: 0.300
KMB: 0.204
KMI: 0.343
KMX: 0.430
KO: 0.419
KR: 0.344
L: 0.172
LDOS: 0.473
LEN: 0.278
LH: 0.401
LHX: 0.467
LIN: 0.370
LKQ: 0.362
LLY: 0.328
LMT: 0.219
LNT: 0.246
LOW: 0.570
LRCX: 0.477
LULU: 0.206
LUV: 0.200
LVS: 0.374
LYB: 0.264
LYV: 0.400
MA: 0.351
MAA: 0.431
MAS: 0.360
MCD: 0.476
MCHP: 0.290
MCK: 0.369
MCO: 0.102
MDLZ: 0.553
MDT: 0.305
MET: 0.415
META: 0.460
MGM: 0.250
MHK: 0.361
MKC: 0.453
MKTX: 0.327
MLM: 0.169
MMC: 0.388
MMM: 0.384
MNST: 0.393
MO: 0.281
MOH: 0.255
MOS: 0.155
MPC: 0.290
MPWR: 0.225
MRK: 0.271
MS: 0.232
MSCI: 0.448
MSFT: 0.399
MSI: 0.224
MTB: 0.317
MTCH: 0.457
MTD: 0.302
MU: 0.406
NCLH: 0.185
NDAQ: 0.327
NDSN: 0.472
NEE: 0.456
NEM: 0.423
NFLX: 0.292
NI: 0.149
NKE: 0.577
NOC: 0.290
NOW: 0.198
NRG: 0.243
NSC: 0.260
NTAP: 0.440
NTRS: 0.269
NUE: 0.454
NVDA: 0.282
NVR: 0.105
NWS: 0.380
NWSA: 0.406
O: 0.409
ODFL: 0.619
OKE: 0.301
OMC: 0.433
ON: 0.322
ORCL: 0.283
ORLY: 0.210
OXY: 0.188
PANW: 0.249
PARA: 0.130
PAYC: 0.237
PAYX: 0.268
PCAR: 0.452
PCG: 0.308
PEG: 0.384
PEP: 0.481
PFE: 0.342
PG: 0.267
PGR: 0.337
PH: 0.185
PHM: 0.396
PKG: 0.396
PLD: 0.409
PM: 0.666
PNC: 0.310
PNR: 0.509
PNW: 0.511
PODD: 0.496
POOL: 0.260
PPG: 0.431
PPL: 0.463
PRU: 0.569
PSA: 0.491
PSX: 0.627
PTC: 0.239
PWR: 0.348
PYPL: 0.255
QCOM: 0.383
QRVO: 0.294
RCL: 0.279
REG: 0.340
RF: 0.245
RHI: 0.476
RJF: 0.454
RL: 0.347
RMD: 0.306
ROK: 0.216
ROL: 0.344
ROP: 0.378
ROST: 0.437
RSG: 0.275
RTX: 0.390
RVTY: 0.312
SBUX: 0.430
SCHW: 0.312
SEE: 0.318
SHW: 0.467
SJM: 0.475
SLB: 0.277
SNA: 0.257
SNPS: 0.371
SO: 0.191
SPG: 0.476
SPGI: 0.682
SRE: 0.546
STE: 0.442
STLD: 0.398
STT: 0.238
STX: 0.426
STZ: 0.293
SWK: 0.371
SWKS: 0.451
SYF: 0.345
SYK: 0.398
SYY: 0.392
T: 0.373
TAP: 0.288
TDG: 0.306
TDY: 0.337
TECH: 0.409
TEL: 0.417
TER: 0.430
TFC: 0.279
TFX: 0.437
TGT: 0.333
TJX: 0.308
TMO: 0.376
TMUS: 0.424
TPR: 0.233
TRGP: 0.306
TRMB: 0.363
TROW: 0.415
TRV: 0.526
TSCO: 0.301
TSLA: 0.290
TSN: 0.302
TT: 0.277
TTWO: 0.331
TXN: 0.218
TXT: 0.411
TYL: 0.405
UAL: 0.412
UDR: 0.345
ULTA: 0.355
UNH: 0.202
UNP: 0.093
UPS: 0.442
URI: 0.384
USB: 0.356
V: 0.482
VFC: 0.401
VLO: 0.366
VMC: 0.194
VRSK: 0.361
VRSN: 0.319
VRTX: 0.319
VTR: 0.275
VTRS: 0.599
VZ: 0.373
WAB: 0.279
WAT: 0.400
WBA: 0.351
WBD: 0.200
WDC: 0.369
WEC: 0.227
WELL: 0.510
WFC: 0.620
WHR: 0.377
WM: 0.309
WMB: 0.351
WMT: 0.414
WRB: 0.345
WST: 0.244
WTW: 0.150
WY: 0.311
WYNN: 0.626
XOM: 0.241
XRAY: 0.225
XYL: 0.259
YUM: 0.500
ZBH: 0.351
ZBRA: 0.298
ZION: 0.419
ZTS: 0.373
Polishing solution with 'L-BFGS-B'

=== Differential Evolution selected top 15 mutually correlated stocks ===
APTV
AXP
BX
EMN
HST
IEX
KIM
MTB
PLD
RF
TEL
UDR
UNP
WAT
WY

=== Correlation submatrix for DE-selected 15 stocks ===
[[1.         0.45246723 0.48349692 0.4788516  0.45335474 0.42046363
  0.42626135 0.41337043 0.45562933 0.44676463 0.59034726 0.40716999
  0.37378889 0.3835637  0.4476038 ]
 [0.45246723 1.         0.63085566 0.49455688 0.56503342 0.54620974
  0.47767554 0.61929413 0.44949605 0.66931407 0.58277562 0.43802646
  0.45208352 0.36593268 0.43219445]
 [0.48349692 0.63085566 1.         0.5211282  0.57707373 0.51309794
  0.56082209 0.58791703 0.54149988 0.60954927 0.61346195 0.51096626
  0.45719373 0.35822757 0.53711933]
 [0.4788516  0.49455688 0.5211282  1.         0.54808801 0.53709966
  0.49373692 0.52546941 0.51517958 0.57677503 0.57024011 0.43225953
  0.50689055 0.43233399 0.5384196 ]
 [0.45335474 0.56503342 0.57707373 0.54808801 1.         0.54120302
  0.53431848 0.52977197 0.53426089 0.54364572 0.5529145  0.50094612
  0.43369073 0.39929914 0.52313317]
 [0.42046363 0.54620974 0.51309794 0.53709966 0.54120302 1.
  0.46346321 0.49176158 0.48424831 0.55885744 0.58103719 0.38460413
  0.47596891 0.43824555 0.50623754]
 [0.42626135 0.47767554 0.56082209 0.49373692 0.53431848 0.46346321
  1.         0.53348353 0.69337699 0.57608348 0.482057   0.70262314
  0.51135987 0.36913948 0.65110074]
 [0.41337043 0.61929413 0.58791703 0.52546941 0.52977197 0.49176158
  0.53348353 1.         0.42762874 0.85544294 0.52310111 0.45661548
  0.48035446 0.33553116 0.45503421]
 [0.45562933 0.44949605 0.54149988 0.51517958 0.53426089 0.48424831
  0.69337699 0.42762874 1.         0.49225914 0.51385326 0.66278987
  0.54111175 0.44748986 0.67383341]
 [0.44676463 0.66931407 0.60954927 0.57677503 0.54364572 0.55885744
  0.57608348 0.85544294 0.49225914 1.         0.5621412  0.48375748
  0.51879381 0.35756178 0.51364732]
 [0.59034726 0.58277562 0.61346195 0.57024011 0.5529145  0.58103719
  0.482057   0.52310111 0.51385326 0.5621412  1.         0.43031304
  0.5065745  0.45954996 0.49525476]
 [0.40716999 0.43802646 0.51096626 0.43225953 0.50094612 0.38460413
  0.70262314 0.45661548 0.66278987 0.48375748 0.43031304 1.
  0.44273383 0.34738901 0.61113336]
 [0.37378889 0.45208352 0.45719373 0.50689055 0.43369073 0.47596891
  0.51135987 0.48035446 0.54111175 0.51879381 0.5065745  0.44273383
  1.         0.3616682  0.47266261]
 [0.3835637  0.36593268 0.35822757 0.43233399 0.39929914 0.43824555
  0.36913948 0.33553116 0.44748986 0.35756178 0.45954996 0.34738901
  0.3616682  1.         0.41010918]
 [0.4476038  0.43219445 0.53711933 0.5384196  0.52313317 0.50623754
  0.65110074 0.45503421 0.67383341 0.51364732 0.49525476 0.61113336
  0.47266261 0.41010918 1.        ]]

DE Objective Value (sum of correlations in submatrix): 120.7126

Symbols in DE-selected submatrix:
39: APTV
47: AXP
67: BX
141: EMN
207: HST
213: IEX
239: KIM
293: MTB
338: PLD
358: RF
397: TEL
419: UDR
423: UNP
438: WAT
452: WY
